1334306
39519282
4604148
81657614
87066034
23995708
12856146
67112234
4105566
79571012
77447691
51875146
14750637
37748898
4111517
2438998
78924822
79303078
75091403
84005331
36444908
71805431
4963735
65797347
74589157
78090254
79295103
17624513
75620301
81316126
67417638
41074461
21187445
430962
24540716
31234730
63089696
18171545
75584286
24723484
78089384
19546032
82863568
84551009
70396486
86797333
769238
40445423
80269708
80461169
86944752
78238910
82897445
28387059
2342868
78223115
73513579
24051646
81829115
36565638
55387086
5935964
26138365
29092058
4061144
80472667
41441533
86795140
12482925
8718792
34706495
61495691
368506
35495441
5901369
15922081
81741893
84575208
8016532
14056235
66595871
73775193
9042813
53740000
31211619
80164677
28140680
73848610
64894945
40638187
80153270
77288536
67184898
82870450
83493849
13219011
62474604
25784129
10298382
10626030
81314936
52857180
17477965
21737884
54774427
85728053
87613825
4405775
34816749
79885284
85988971
4293035
4789095
14082988
83282760
14968416
81316565
86438442
57141329
64124533
41657572
112947
16049235
16899801
29451520
8392410
79579471
13469338
41801825
37685570
69353472
54767609
16219133
79880704
72998739
17024564
55801066
86959829
25160412
4826481
74953170
80167067
80997155
35637517
80463743
38239515
8324281
81986015
83168723
8373824
27971432
82871134
24296321
27120482
48313689
41023493
79973342
28621555
41448968
79891902
87599401
785137
8474491
6887350
24526299
27682029
80366588
82951463
5523437
5700568
39591308
3673471
70576681
5334598
34864145
73000434
79808994
79886329
60833901
85997888
58383519
21005651
80465735
85999442
21974248
25839858
84903495
81315188
82118286
54627114
86416759
81323260
80463611
73460685
83925756
72995084
106947
84106093
11591744
82867381
54586118
80472276
1523495
36278789
81325355
80465635
28387781
83066093
56476384
80463454
16250294
11439419
76751712
54547707
39504229
80447367
40397804
59916771
77696227
61397000
52736702
81312071
66955745
38879376
86048167
10630269
9678309
63629252
86495866
11229893
53649195
70794649
19170273
17210292
66649437
87804288
81726457
76166576
38833918
64525206
72933273
6868232
25473920
36479296
83426622
65489775
25435005
82869237
4053225
29439172
79607072
10765587
80472912
73122859
71054920
82010126
87534264
10390634
86497120
15198237
21617922
74559197
75592511
82013518
86474733
4634062
11680747
82084928
53677923
80205619
81575125
80464754
11845095
83029282
85996214
60304949
63031807
86450090
38278828
81990427
12820026
79335319
17284644
63751611
63586945
79980630
78709421
37953579
79757777
80647622
5090944
80147795
75881971
3827466
85996918
87786881
215784
24528489
20497727
80151089
82889686
80464365
29652874
42263668
56565467
85995178
39387118
32896837
14422009
18273656
38672799
28497288
40883093
86614996
80167551
84277022
81601179
21395326
81727473
6484237
79916720
85920113
10107744
52089485
80168476
37182535
52280711
21489604
86462742
8415399
5291971
57120909
33414457
80816452
82865888
39550859
82506793
86412197
80163289
21033275
25851924
29786588
83838400
25212472
80166472
72995806
87780129
3367799
63559769
86000224
69234094
27166860
33384298
35309678
69601570
69601384
80802641
81619845
25739902
20062574
60647021
37641023
29243693
73411469
86002057
81267999
8795957
84712571
84567911
5577464
87799331
77716849
70122471
84904999
85379817
64779077
82008318
39602599
80461975
29573874
34763546
36173435
78202965
361057
59798920
69271991
73842924
36946555
9874824
35727102
12046581
87213550
57081926
75842856
29256720
29344546
80160499
28108917
73577941
73259144
73527871
8030652
74323183
22288558
22986052
86502036
80461271
10642642
78513501
80750004
14313786
34826050
80460630
72924944
29345725
4694160
59556258
31283651
33772482
62798753
63739088
12222633
5186860
5255069
84798934
80368090
80839593
78935132
70917440
78709121
82864589
65672300
17637823
73848958
84476175
27532287
28589242
41910196
80586638
29539044
72997324
64248198
81312705
1122770
15662734
38073434
13458067
19499639
32247768
41571920
19247231
36614943
12608732
30008005
73846141
81771261
82505500
72196189
12002622
83435130
76310220
53459255
56148904
73272623
27904423
81406513
37719205
29323704
4441766
71891796
13732628
23493653
29780397
67577972
53998910
80706343
85995737
1666235
60292401
63309935
79488123
80749672
1224802
8446340
6229405
85996925
28522026
29629792
38302135
79920823
82013207
84247431
54441583
80792815
8516682
86497579
28242960
4987410
81566292
53908053
17012918
85983196
31701163
81326725
28045393
86001539
23579980
42287548
13375180
27755642
4950837
24241158
55484864
82014361
85997386
86429877
18908864
64372647
69463590
29160551
41619609
72516315
10650523
79841700
5127914
82509508
85993951
36318717
59147879
74381870
74559588
37787232
3141452
85998411
81323451
82012246
57488558
7871148
12418385
16452030
70281639
2562925
52124649
34765350
16345690
24701706
66664604
26518459
56570481
3992877
86401290
80330386
80912500
74555855
5229883
6147774
62919749
20750801
22312274
78527396
19340871
72125075
22273050
62592319
79680163
86310292
86495559
87577918
53182783
11097976
25372233
73780872
18457344
81262006
80471356
80839473
38925595
80165738
80840175
78551498
73391556
59268909
25509888
26995515
35028747
19874060
7748226
37781098
6271939
22123922
8133500
24797561
56600588
80948132
28494556
53160379
3869120
54204507
74789246
3409639
80162284
4069111
20822718
66515806
80463153
80471643
80472236
85843779
8046202
81531429
62513379
24484902
26229741
78401194
80601799
8872532
8874006
82508155
87578660
78518037
86491080
19360926
12123642
82899879
13922029
38736617
9066718
29276736
81851809
4074970
21838250
11626566
9273032
71804596
77223232
82012931
53908670
2954466
10039230
81326042
79447094
65438745
64239332
13110816
865924
22274167
82867925
3333790
81473221
86796498
39356249
23244000
16744324
31720062
56552909
80151272
12832677
80465509
80471509
69342675
3941411
79883495
65389259
85994009
23353266
57217788
61394386
53894484
79515664
82861682
82007349
40501087
80748056
59124605
66371258
6533751
30130233
80471932
82898625
81311375
3767617
80990749
78368611
55140807
921312
5582232
86967993
10999637
84339432
55754319
79846034
87806820
86500320
80165421
14649957
27532406
79488683
77035209
80470498
77691346
8413065
33324126
10052893
78236935
57951861
81150955
80463285
86475302
81525770
56567399
8636772
73847814
16655823
17464194
32100731
80462097
37282013
80749221
34386422
14891110
75479409
78072181
14544292
24796806
40037249
78941113
80462117
80472445
18317700
58037145
29769009
66123060
53296821
84907892
4743470
82331264
83426189
80744807
11177759
83461260
83493471
25439504
55101497
82862718
84365463
29842025
57021602
70785495
86942100
57439437
80744321
54633824
56869325
79838716
65021944
80465341
81323441
74570312
73581979
79884340
86500547
35638093
86000568
79964801
6035951
28952369
27699714
75903791
59726373
72562133
4045754
21258796
58848817
77760000
19972593
52561337
18300036
47002621
34647856
13127914
78565294
75256708
79812994
53864543
80193127
61687422
83139060
38576695
77986245
79842065
76025875
78381295
41665768
27913923
36624597
84163775
80471993
39484015
28115136
68073842
82862370
82869311
85999225
6089081
19627215
78038073
75623637
74811136
81981636
85986264
73849252
73846312
87399586
53667644
81326787
5821940
82895165
37812987
58437614
369475
6585359
85547135
82507987
85998421
81323252
78570506
37846638
70975101
58321596
8603714
56604165
80470648
80750830
12780862
39217544
81323693
54312162
28392780
18969352
35062374
72372899
25475443
84552702
80461574
35006161
53419389
63545005
80465902
6502806
5217625
17761260
7590002
63097443
87188483
56055327
86808409
80165794
17052952
15808458
29755980
29471661
16199103
66231151
60022844
81127321
40023468
5389590
86002197
86567849
82008644
41681678
12456604
27944752
80751266
14485407
83846716
36677625
72913729
81573929
40625636
9201266
18579913
26024204
67264688
79886562
5897203
3070732
16367040
39927556
74841756
7533916
80471089
4349647
63872862
25850167
79747659
61570268
53012289
86443121
626495
7516684
37577600
52701246
79889236
5930997
79200341
41735094
13003888
80565874
40284750
52966238
85945509
81659874
59560512
86896158
39621182
77970480
23208227
79757483
82871124
86476981
80460152
54546034
36006285
54428255
39755293
64356545
24120745
25657232
19899395
75024215
28194845
36868931
64572019
75092490
81325440
78557763
79885074
4304984
40356116
79899114
66457110
8688269
15014039
71835191
82899688
1031864
2787206
86498884
82010184
80473256
28471426
74102110
9729039
14450972
25101126
28144557
36613935
57993173
14087449
81312381
82377474
82898661
4369378
18850226
53802689
81349404
67940667
86364223
10318696
25515260
80792646
38141019
82350773
16108280
55413119
39494779
6316455
16204278
39379654
74827032
81288849
80906958
57622600
55664039
79885360
79204537
82871619
81515301
79744731
10323637
72488429
78127812
56512390
73777297
4430744
76965081
19694281
75207415
82868654
29124693
75085515
81322873
80473311
34766964
36291249
76779205
16585638
9973559
86500597
10329442
320789
87312062
10474674
75542208
10706324
80464489
28975694
80748908
13635829
53343724
70792340
86914665
4471279
80459975
23260287
81323059
79889122
86493329
2390597
66713160
81325615
86358459
86402452
81315396
82007308
52992653
34209579
19196612
42135781
11325163
11700382
61045212
3468699
75590901
39309035
82789645
10078797
81313942
63636925
78523017
25371723
54281744
54244501
72998847
83918937
39383530
79877638
23378054
79351639
10094289
64367618
77885205
80464223
83428327
4182280
72557371
65382789
72649857
38293119
56258353
52635591
80751559
79890908
53966571
54388279
85549593
35988387
59260236
10465500
72804690
76360866
41610318
70549833
30966993
1912015
8429804
59960220
15146503
77444061
80155482
40676892
80166305
73792119
86213141
86968722
75620547
87581327
67884295
73480681
80798503
70328586
66312439
72999056
81329073
83497189
80169167
5418164
74787067
86967045
74708032
78893289
15906255
82893234
67967844
8544898
86497193
79891538
27704287
14552930
83286595
58681313
71527953
82354807
53201180
80471396
29168248
80595283
58699713
3201724
41439478
75592092
80465059
81314237
11252068
54771530
19162297
80464861
79174090
80748837
56589831
80899533
79292965
54604122
83575654
6888148
3980415
34756388
87581554
8164281
82776020
82897202
16052332
80461144
34042447
81576063
55222006
85144093
86001157
78975388
83708089
84361664
81315400
80462581
85989126
6951105
82872582
29786702
72974961
54510844
80954894
79529155
79588468
19321573
72301231
33848553
84939682
75623250
41825277
37162468
8890840
81313078
34226371
4180512
39100509
61434332
53184959
20821000
5459232
79891181
80461410
3163059
40912845
32551579
84222601
5916271
3343136
19830300
38459202
69321547
80533389
39434792
86498823
81312460
55472479
86489279
23836963
1636908
16679816
23692718
59698157
8749117
84255104
68683449
25335388
4262673
87579582
28977704
21426340
80579598
83283310
29942313
14519815
41428441
80461759
1593722
35511523
10426228
83835371
5166698
18050321
82015352
85540245
76949885
79351265
57078527
80460709
72919441
24235757
82892104
18279048
76150694
81323054
19352725
77412337
63424621
640697
4768574
72624047
26586732
79801466
33476901
37186699
81315182
80470853
41540629
82010486
80710226
9203460
3345875
80624507
79895692
48545877
37777804
38605038
29808397
53634491
57360133
82152078
80471269
83654994
86855465
75798230
80333193
4099256
59947526
4051327
25645587
79879199
82897870
78237013
28813921
38927254
52925630
80471687
17968433
17960962
27673697
86796235
53105192
12122561
73487733
9447330
15639985
54228352
7855618
25414521
73449994
79839437
82898188
75090108
63120168
20426452
81316033
4725724
28977719
156434
35541723
20534999
84131985
37682791
53046778
82548645
81988861
71351510
82654487
6845785
33405555
86001544
77411717
87616319
65742438
28951831
30354627
87580653
66236274
84374749
33638507
81991051
26370274
27307258
6813731
73781234
15736347
28928516
72269542
80470316
80166787
78453323
28493106
86577887
58016184
85997379
24223306
78539975
82859931
24813292
74700156
68056613
28642583
77859447
38678587
33427464
80462530
29484473
31661958
9968491
81754672
78384352
77691350
14292892
70998275
80152947
19354097
23578925
52567818
72327718
29789075
52695984
6989145
76217696
4801012
81313978
80514137
25869834
74088161
80472792
63697851
86000757
87161235
64594729
82863057
6032373
86496697
80442241
25993927
78569307
34685260
23622927
79886167
86282394
86499789
10285929
37289780
31413861
52134177
8492829
38091845
54545487
84902314
75621594
21010636
63706207
82870377
7627793
82883799
27031885
34619095
25141541
80461944
66055064
11883538
4553116
28497051
65797990
80471138
86961391
41159100
77479973
85251153
86622645
28588621
56127959
15689100
81314448
60017331
70794801
23209446
29628936
75587955
37275494
75078776
81314465
57576526
80169427
14340473
27880293
77043492
5060740
80840314
73528392
82862170
86474121
81675518
12266689
82865914
77619288
79794248
82009334
599116
12279825
60554656
23663574
53942600
71769555
53328687
34693284
84934500
86559671
4894369
63092744
80463112
80252017
145323
5073275
48298185
29614080
79841327
9800998
82892538
37724707
83523703
76293787
80167887
4022194
6337374
28258766
23013156
27774674
72673483
82894662
4343945
80472120
8717915
79839103
86501446
63019259
83753449
8111387
72977398
60119446
9105643
82468211
16603977
72530675
10547778
79874603
83493653
87579197
4220805
11393481
4053466
29630456
41626401
3252237
25476139
85996229
28951966
34622939
10456712
74574040
11908207
54633928
71531954
57091633
81370733
21872398
80749681
86277984
80917441
67169818
80167521
60277162
86001159
75896834
80471004
1936812
8478340
13487686
29219666
9926795
27446924
7699507
79831784
72442667
42311876
4099223
82812287
59000394
21191415
37892768
79210214
80152147
27899546
79842347
32822775
36736280
10657914
40161453
80472607
33969130
70103105
82899540
72231086
82005742
21818767
39967204
66986630
79840005
36269517
257964
62183987
21236035
81322535
17302605
2998742
59929325
4440525
23126885
82083189
87615247
33994904
59881946
29511098
73850075
84809125
86082982
53316451
83996498
19279944
69446455
86496798
63123547
9028366
73204958
79890745
87581104
54558171
24580118
14479806
13799441
57593659
33222119
76381427
76761203
19619087
70167816
80369908
53324108
24161504
25851336
28996352
79246816
66860404
80472458
71455396
86491517
39321200
80462780
19686993
78257418
79841024
56615776
72847392
82868789
15508474
18746446
53973687
85995760
87579999
10238299
14978119
80460774
66105401
7614790
34234809
80076756
86425689
4733528
54071002
80120726
83831998
75840378
10883567
77416530
28318798
71054312
73845011
85993087
87611904
54550720
25881987
10149906
52874557
75131019
84900357
31275351
4498352
18692666
80840564
38586638
55206568
79511092
61390616
42261726
54521678
63792173
35548880
27000052
65652003
35548780
70468660
27488544
80751467
16536564
16495559
21041958
35271915
68522201
78552898
3656625
25858844
28209000
53430225
79152378
67961492
29342826
83270903
17457200
41224084
55110424
84680149
75548348
55638781
80462291
84673004
53639699
84364065
85993367
75845055
41008058
83444136
37254624
81314686
74250240
18270039
36173333
8184924
38315323
23021693
10343331
34262506
19710926
81564361
86481653
78096073
79970693
82014722
3463870
16877562
83461952
82422395
80444993
41212354
87577566
2248831
31511666
69863761
82902111
79963397
75827488
17344016
75438558
106142
67289540
4001316
11053276
53410047
19505099
28773722
82014928
58198953
40428394
4103371
86498075
81314921
86302137