8477582
81314220
40405896
57785441
17132032
53369925
76290840
55911757
81316379
79548348
28611190
80543743
41337215
81313702
13293861
14956053
28200179
21623323
60028304
80336475
71585578
75891445
39971321
59343494
80165172
82893819
76222536
28402669
23164381
75752899
82897812
56174224
87575179
79608983
79889466
54772117
72491928
22152673
72600257
9869126
5732974
6053789
80460299
80463004
34670930
82511653
26925271
79083491
73845304
53995657
26318371
23937166
39362990
74715887
26960534
30912129
83600604
413582
87576201
10350963
36040401
54635358
77890155
25261328
24411746
69461072
54210026
52743626
78924788
55951213
82014425
69321639
79739591
84159435
81657179
66185562
7972245
75843662
10805995
51620028
68152636
79939018
6150806
61961501
119611
6042657
9956551
73206167
39563370
31664791
83916788
82011917
23633314
80840842
15382636
18338321
75558513
78628410
29268306
17215979
17959163
58594241
40972384
9978091
1464660
81325670
66847475
82814297
82005949
52660429
80882119
81316628
69460685
39650509
83816530
75591537
63498446
83461658
1517023
224597
21728864
31574612
13889996
62311413
85997891
3007842
69333103
80464610
77900033
10425369
80964998
81660906
29016284
82937823
59344146
33487386
81316244
5538193
70707037
87163401
25837388
80459263
80461619
74512215
78585980
5032607
23298814
27705957
82864620
80742638
28570661
12805041
80473167
80462988
55142917
10166624
24134553
79889750
80750009
11251348
38256573
2850159
28418413
80460898
80462238
86496488
86915356
6342397
4798132
8390224
28573770
42914856
1262222
71959953
80462673
82011649
80199067
82894166
87065065
81599218
38198279
66593980
40159840
73966604
87806077
20704654
82860575
4719246
24715161
23074953
10278283
35596934
18484939
2392722
40062256
40312658
14448793
86331805
23464504
66816258
55588555
83426794
312856
74175457
78125884
80969327
82507323
22294245
30135767
86402917
72345709
63845651
29752533
82901422
9360249
4018778
13453049
36717890
4791328
65189146
82868178
22559139
64816260
79577895
86502659
4163876
37184650
83018577
27434182
17238605
82865404
85999947
65414684
82006651
73526845
23557923
27307335
64324911
68851885
5789331
74082184
38801383
86792737
6506412
75916964
83171712
77891507
63477442
77999553
16346879
38971851
38610575
13437589
26020173
60820308
80250405
20890132
86771111
75571166
56831094
81322863
81323699
54514145
53711625
72997913
30887327
79490138
82012854
72998983
18979780
42157763
74692407
75402338
25524966
82866858
86797383
86943800
87124026
75589969
48347344
12543104
75912470
16913384
67962015
78636483
8837064
80465212
5783666
6247103
57603476
66457725
87607166
38638270
79239768
55642453
30407111
8879984
79909104
86854020
75571819
76945564
14825475
41719528
60827828
78026329
80462370
82491580
72924497
82009494
10096535
80150432
81673239
16821629
46778910
10495243
56255032
80463859
82015829
922576
19084080
54530622
80543827
79885990
86853133
79889001
27121225
72450046
76992746
38666213
17961907
86420782
80461434
2636372
4645613
81193054
14433033
18093033
36970531
77022979
79522195
75185457
54282373
63676953
6444126
72068819
1547206
10888670
81315610
84371315
35445336
80471527
5091182
41496603
77699400
55778574
83575267
84566486
61892712
81518647
21555321
5895523
80168182
29140407
52691465
13062728
3135509
59864905
77984314
5981156
64625452
34997640
37946424
30397971
40259878
82899233
35350958
29550917
55798966
83102404
36579428
19905715
17965013
34964049
40437450
56236429
80463973
25887542
70580037
84362407
72894613
81137955
27963447
5203459
86915958
87576566
87601870
52838884
87597522
63663886
27438244
36646275
54072919
54078919
29609457
37245401
23220418
79527259
80471796
3538714
73250356
39573516
30436156
79539224
80463089
84445819
1220792
1792913
61491814
85994898
28950037
18052369
41807254
87067256
81466021
29973739
87538227
28472360
82217315